ID	GeneID	geneSymbol	chr	strand	longExonStart_0base	longExonEnd	shortES	shortEE	flankingES	flankingEE	ID.1	IJC_SAMPLE_1	SJC_SAMPLE_1	IJC_SAMPLE_2	SJC_SAMPLE_2	IncFormLen	SkipFormLen	PValue	FDR	IncLevel1	IncLevel2	IncLevelDifference
2703	ENSG00000011295.11	TTC19	chr17	+	15903431	15903676	15903431	15903559	15905228	15905339	2703	16,17	42,30	6,0	46,48	199	100	1.0627852677e-05	0.0150362859674	0.161,0.222	0.062,0.0	0.161
8387	ENSG00000108292.12	MLLT6	chr17	+	36871864	36872081	36871864	36872003	36872619	36873234	8387	69,71	4,0	30,25	10,5	177	100	8.70241588595e-05	0.0473545307517	0.907,1.0	0.629,0.739	0.27
6120	ENSG00000141756.14	FKBP10	chr17	+	39975781	39976301	39975781	39975927	39976520	39976713	6120	247,108	282,253	107,4	210,170	199	100	0.000127157788952	0.0618464325376	0.306,0.177	0.204,0.012	0.134
6425	ENSG00000132323.4	ILKAP	chr2	-	239098493	239098613	239098499	239098613	239096771	239096898	6425	237,57	0,2	85,39	5,6	105	100	0.000176086185023	0.069201870714	1.0,0.964	0.942,0.861	0.081
3416	ENSG00000006607.9	FARP2	chr2	+	242295711	242295803	242295711	242295770	242312498	242312705	3416	58,24	0,0	6,2	4,0	132	100	4.82251689553e-05	0.034114484519	1.0,1.0	0.532,1.0	0.234
10436	ENSG00000171552.8	BCL2L1	chr20	-	30309457	30310151	30309646	30310151	30252254	30253889	10436	1036,694	28,20	500,290	27,26	199	100	8.60868921381e-05	0.0473545307517	0.949,0.946	0.903,0.849	0.072
4440	ENSG00000172053.10	QARS	chr3	-	49137393	49137524	49137426	49137524	49137193	49137286	4440	473,494	8,9	315,463	20,32	132	100	4.33068210848e-06	0.0143522466813	0.978,0.977	0.923,0.916	0.058
9826	ENSG00000163660.7	CCNL1	chr3	-	156874724	156874872	156874799	156874872	156870824	156870945	9826	42,28	44,47	28,9	88,48	174	100	0.000193075120195	0.0718849158031	0.354,0.255	0.155,0.097	0.178
1439	ENSG00000196739.10	COL27A1	chr9	+	117044736	117044844	117044736	117044764	117045988	117046237	1439	911,189	0,6	288,37	7,5	179	100	0.00013988449542	0.0618464325376	1.0,0.946	0.958,0.805	0.092
