ID	GeneID	geneSymbol	chr	strand	1stExonStart_0base	1stExonEnd	2ndExonStart_0base	2ndExonEnd	upstreamES	upstreamEE	downstreamES	downstreamEE	ID.1	IJC_SAMPLE_1	SJC_SAMPLE_1	IJC_SAMPLE_2	SJC_SAMPLE_2	IncFormLen	SkipFormLen	PValue	FDR	IncLevel1	IncLevel2	IncLevelDifference
989	ENSG00000011009.6	LYPLA2	chr1	+	24120349	24120420	24120552	24120626	24120194	24120242	24120713	24120815	989	349,145	109,45	204,95	37,12	170	173	0.0019971739636	0.056338871815	0.765,0.766	0.849,0.89	-0.104
856	ENSG00000142687.13	KIAA0319L	chr1	-	35932208	35932296	35936463	35936561	35928221	35928314	35940405	35940507	856	77,140	85,147	77,142	44,61	197	187	1.50936972363e-05	0.00161115542551	0.462,0.475	0.624,0.688	-0.187
2064	ENSG00000066136.15	NFYC	chr1	+	41215244	41215358	41218822	41218918	41213205	41213277	41223792	41223966	2064	231,173	29,70	231,277	23,26	199	195	0.00196603749846	0.056083641679	0.886,0.708	0.908,0.913	-0.114
1558	ENSG00000010803.12	SCMH1	chr1	-	41617285	41617356	41625396	41625605	41608549	41608784	41626546	41626570	1558	16,27	25,29	13,34	7,13	199	170	0.00326113040539	0.0775776335865	0.353,0.443	0.613,0.691	-0.254
4936	ENSG00000162368.9	CMPK1	chr1	+	47838626	47838779	47840580	47840657	47834140	47834287	47840868	47840965	4936	392,482	2253,1845	333,569	1294,1455	199	176	0.000769863464948	0.0287906839271	0.133,0.188	0.185,0.257	-0.06
1633	ENSG00000162599.11	NFIA	chr1	+	61818121	61818239	61824818	61824946	61798183	61798258	61848908	61849037	1633	6,13	12,19	12,50	9,11	199	199	0.00318321537214	0.0761593424955	0.333,0.406	0.571,0.82	-0.326
4114	ENSG00000122483.13	CCDC18	chr1	+	93683294	93683426	93685854	93686027	93682192	93682303	93687165	93687300	4114	80,60	9,10	62,130	3,1	199	199	0.000508170384546	0.021586870519	0.899,0.857	0.954,0.992	-0.095
2951	ENSG00000117360.8	PRPF3	chr1	+	150310635	150310802	150312873	150312953	150307405	150307712	150315784	150315928	2951	46,55	67,50	39,44	21,21	199	179	0.00308874786933	0.0756684477807	0.382,0.497	0.626,0.653	-0.2
2994	ENSG00000107537.9	PHYH	chr10	-	13330359	13330541	13333830	13333912	13325689	13325839	13336427	13336596	2994	337,281	68,94	266,249	31,31	181	199	7.66208952225e-05	0.0053637129622	0.845,0.767	0.904,0.898	-0.095
1026	ENSG00000108219.10	TSPAN14	chr10	+	82248972	82249070	82264483	82264534	82228302	82228443	82266983	82267130	1026	57,50	163,30	71,65	33,10	197	150	0.00308144058698	0.0756684477807	0.21,0.559	0.621,0.832	-0.342
783	ENSG00000110075.10	PPP6R3	chr11	+	68318588	68318654	68326033	68326147	68315534	68315672	68331770	68331900	783	73,150	23,37	73,168	4,26	165	199	0.00302839430047	0.0754922483405	0.793,0.83	0.957,0.886	-0.11
244	ENSG00000149547.10	EI24	chr11	+	125449988	125450100	125451106	125451218	125448028	125448153	125452241	125452315	244	0,3	84,130	8,11	27,91	199	199	1.76505834609e-05	0.00170882276623	0.0,0.023	0.229,0.108	-0.157
3630	ENSG00000110958.11	PTGES3	chr12	-	57059987	57060050	57064058	57064148	57058559	57058584	57065532	57065631	3630	1051,641	222,117	807,854	133,84	189	162	0.00225608663922	0.0609875888251	0.802,0.824	0.839,0.897	-0.055
3383	ENSG00000127314.13	RAP1B	chr12	+	69045774	69045831	69047891	69048032	69044179	69044248	69050085	69050229	3383	776,663	2140,1616	787,982	1384,1980	156	199	0.00341292000466	0.0798201459517	0.316,0.344	0.42,0.388	-0.074
5513	ENSG00000139292.8	LGR5	chr12	+	71953365	71953434	71955560	71955632	71950398	71950470	71960183	71960255	5513	157,305	57,96	179,305	40,48	168	171	0.000999370334014	0.0345198591167	0.737,0.764	0.82,0.866	-0.093
1021	ENSG00000204842.10	ATXN2	chr12	-	111902465	111902519	111907911	111908044	111895017	111895163	111908361	111908546	1021	92,173	30,73	131,162	10,36	199	153	0.000295754977006	0.015989973627	0.702,0.646	0.91,0.776	-0.169
2974	ENSG00000169062.10	UPF3A	chr13	+	115051993	115052104	115056963	115057019	115048311	115048418	115057108	115057267	2974	101,70	434,244	83,124	253,230	199	155	0.00330662202131	0.0781836866459	0.153,0.183	0.204,0.296	-0.082
5190	ENSG00000100897.13	DCAF11	chr14	+	24586876	24586941	24587263	24587364	24586474	24586602	24587596	24587743	5190	349,646	179,305	282,630	78,205	164	199	0.000518789419852	0.0217548245405	0.703,0.72	0.814,0.789	-0.09
2517	ENSG00000092108.16	SCFD1	chr14	+	31108982	31109070	31112521	31112611	31107330	31107453	31118733	31118789	2517	644,417	343,178	494,526	157,106	187	189	5.99648780852e-06	0.000747081813682	0.655,0.703	0.761,0.834	-0.118
1992	ENSG00000128833.8	MYO5C	chr15	-	52521329	52521510	52524818	52524882	52517635	52517729	52527866	52527960	1992	77,102	81,120	110,192	82,106	163	199	0.000979057820429	0.0342505689617	0.537,0.509	0.621,0.689	-0.132
2034	ENSG00000130731.11	C16orf13	chr16	-	684888	684956	685280	685340	684718	684797	685611	685774	2034	27,24	110,69	38,20	59,34	159	167	0.00219380516433	0.060084282231	0.205,0.268	0.404,0.382	-0.157
1059	ENSG00000126602.6	TRAP1	chr16	-	3721722	3721792	3722700	3722821	3715971	3716119	3724339	3724495	1059	137,133	784,671	129,109	437,361	199	169	0.000795574301638	0.0287997897193	0.129,0.144	0.2,0.204	-0.066
2589	ENSG00000140694.12	PARN	chr16	-	14693760	14693817	14698002	14698083	14687157	14687235	14700340	14700383	2589	319,225	118,84	366,485	89,99	180	156	0.000777493083825	0.0287906839271	0.701,0.699	0.781,0.809	-0.095
191	ENSG00000091262.10	ABCC6	chr16	-	16272654	16272822	16278815	16278891	16271308	16271483	16280980	16281068	191	11,16	17,14	25,3	3,1	175	199	0.00134235278339	0.0440016900571	0.424,0.565	0.905,0.773	-0.345
2594	ENSG00000080603.12	SRCAP	chr16	+	30732033	30732299	30732509	30732797	30731482	30731652	30733442	30733607	2594	16,33	12,35	19,20	5,4	199	199	0.00142694051778	0.0450026770873	0.571,0.485	0.792,0.833	-0.284
4784	ENSG00000172775.12	FAM192A	chr16	-	57212413	57212444	57212717	57212764	57207639	57207781	57219732	57219943	4784	0,0	63,50	7,0	25,33	146	130	0.00370633116193	0.0838557425387	0.0,0.0	0.2,0.0	-0.1
1944	ENSG00000090863.7	GLG1	chr16	-	74526854	74527038	74528657	74528729	74524898	74525113	74530338	74530542	1944	228,190	1423,770	180,202	670,456	171	199	0.000381650145343	0.018111641241	0.157,0.223	0.238,0.34	-0.099
2221	ENSG00000172660.7	TAF15	chr17	+	34149643	34149837	34151081	34151202	34147335	34147441	34161569	34161602	2221	38,154	23,23	50,127	5,9	199	199	0.00399141453238	0.0869961188393	0.623,0.87	0.909,0.934	-0.175
3793	ENSG00000175832.8	ETV4	chr17	-	41610554	41610716	41611226	41611353	41610041	41610307	41613793	41613847	3793	1568,2511	159,241	1030,1755	59,25	199	199	9.95870053089e-14	8.29161406202e-11	0.908,0.912	0.946,0.986	-0.056
1454	ENSG00000091583.6	APOH	chr17	-	64219815	64219892	64222145	64222242	64216671	64216860	64224137	64224314	1454	6069,7708	1821,2216	5828,7808	1188,1205	196	176	1.27596969979e-06	0.000230950515662	0.75,0.757	0.815,0.853	-0.08
4032	ENSG00000169710.6	FASN	chr17	-	80041077	80041197	80041215	80041301	80040789	80040991	80041392	80041515	4032	546,234	542,285	365,145	278,91	185	199	0.00158023893923	0.048371578706	0.52,0.469	0.585,0.632	-0.114
1287	ENSG00000079805.12	DNM2	chr19	+	10906736	10906875	10908055	10908194	10906047	10906115	10909161	10909248	1287	420,176	324,189	295,119	145,60	199	199	0.000228887719469	0.0130528709062	0.565,0.482	0.67,0.665	-0.144
4577	ENSG00000161558.6	TMEM143	chr19	-	48848416	48848611	48863328	48863433	48846577	48846708	48866547	48866788	4577	6,7	14,11	20,7	1,3	199	199	0.000433050812875	0.0192247110176	0.3,0.389	0.952,0.7	-0.481
1041	ENSG00000269699.1	ZIM2	chr19	-	57337755	57337798	57345010	57345131	57335629	57335795	57347385	57347472	1041	45,44	94,103	64,33	59,37	199	142	0.000242626571705	0.0136493840271	0.255,0.234	0.436,0.389	-0.168
939	ENSG00000198369.5	SPRED2	chr2	-	65559120	65559185	65561738	65561907	65543867	65544017	65571852	65572030	939	91,89	227,350	97,84	86,160	199	164	0.000559385403508	0.022830602302	0.248,0.173	0.482,0.302	-0.182
1739	ENSG00000204634.8	TBC1D8	chr2	-	101645952	101646238	101648729	101648847	101644764	101644894	101650005	101650220	1739	26,12	132,96	28,23	55,14	199	199	0.000106597795225	0.00693385346128	0.165,0.111	0.337,0.622	-0.342
2036	ENSG00000170144.14	HNRNPA3	chr2	+	178081230	178081320	178081403	178081499	178080705	178080916	178081587	178081668	2036	3124,3034	436,183	2656,3827	123,109	189	195	4.59632332195e-14	4.78362349732e-11	0.881,0.945	0.957,0.973	-0.052
4190	ENSG00000163466.11	ARPC2	chr2	+	219104113	219104207	219110142	219110269	219103386	219103573	219114086	219114187	4190	1022,1099	874,1215	873,1410	471,774	193	199	1.78755142466e-07	5.31541184347e-05	0.547,0.483	0.656,0.653	-0.14
763	ENSG00000135926.8	TMBIM1	chr2	-	219142657	219142697	219143237	219143288	219142355	219142393	219143760	219143814	763	866,774	125,176	551,736	60,64	150	139	2.62509643605e-05	0.00242850588073	0.865,0.803	0.895,0.914	-0.071
427	ENSG00000130414.7	NDUFA10	chr2	-	240951033	240954277	240957969	240958056	240946732	240946787	240960613	240960829	427	498,584	123,133	584,645	85,90	186	199	0.000528512341906	0.0217841275184	0.812,0.824	0.88,0.885	-0.065
1915	ENSG00000088888.13	MAVS	chr20	+	3838281	3838456	3841978	3842151	3835204	3835388	3842900	3843060	1915	57,147	73,154	60,118	34,35	199	199	1.82725304827e-05	0.00172883055453	0.438,0.488	0.638,0.771	-0.242
2450	ENSG00000088766.7	CRLS1	chr20	+	5996006	5996136	6011930	6012016	5990424	5990558	6012657	6012726	2450	79,72	59,38	73,91	14,23	199	185	3.70720212279e-05	0.00302609459552	0.555,0.638	0.829,0.786	-0.211
4313	ENSG00000101040.15	ZMYND8	chr20	-	45867639	45867882	45874751	45875261	45865069	45865260	45878030	45878183	4313	241,292	107,95	260,378	54,60	199	199	5.93421521955e-06	0.000747081813682	0.693,0.755	0.828,0.863	-0.121
4272	ENSG00000249624.4	AP000295.9	chr21	+	34640698	34640822	34648900	34649058	34624966	34625135	34652056	34652223	4272	0,1	61,77	4,6	44,39	199	199	0.00176680843798	0.0526677259906	0.0,0.013	0.083,0.133	-0.102
4268	ENSG00000068745.10	IP6K2	chr3	-	48748799	48748892	48752747	48752960	48732522	48732851	48754589	48754621	4268	53,55	19,13	76,34	2,0	199	192	3.18272763355e-06	0.000509603659172	0.729,0.803	0.973,1.0	-0.22
664	ENSG00000164062.8	APEH	chr3	+	49713545	49713652	49713810	49713948	49713323	49713399	49714041	49714133	664	1,2	101,29	12,3	60,10	199	199	0.000248844660081	0.0138125375989	0.01,0.065	0.167,0.231	-0.162
612	ENSG00000114120.7	SLC25A36	chr3	+	140685189	140685276	140685775	140685878	140681968	140682069	140689768	140689835	612	10,15	33,34	28,23	26,17	186	199	0.000522575655548	0.0217548245405	0.245,0.321	0.535,0.591	-0.28
837	ENSG00000075420.8	FNDC3B	chr3	+	171851260	171851336	171944660	171944737	171830241	171830380	171965322	171965566	837	117,211	342,925	119,207	226,425	175	176	1.26144116958e-05	0.0014192917808	0.256,0.187	0.346,0.329	-0.116
1839	ENSG00000068078.13	FGFR3	chr4	+	1804640	1804791	1805418	1805563	1803561	1803752	1806056	1806247	1839	195,112	322,171	136,46	89,31	199	199	3.85042305262e-07	0.000103729479909	0.377,0.396	0.604,0.597	-0.214
2244	ENSG00000002549.8	LAP3	chr4	+	17598668	17598757	17600078	17600181	17597032	17597157	17606210	17606290	2244	107,160	161,198	101,93	80,64	188	199	0.00040696821367	0.0184534895984	0.413,0.461	0.572,0.606	-0.152
2247	ENSG00000109686.12	SH3D19	chr4	-	152069073	152069338	152070651	152070713	152065371	152065440	152080391	152080504	2247	155,209	55,69	116,140	13,21	161	199	4.44706122873e-05	0.00349304073494	0.777,0.789	0.917,0.892	-0.122
3918	ENSG00000154556.13	SORBS2	chr4	-	186605907	186606000	186611715	186611765	186599949	186599976	186696380	186696520	3918	6,21	23,34	33,71	13,21	149	192	6.58003737608e-07	0.000130441407603	0.252,0.443	0.766,0.813	-0.442
1984	ENSG00000112851.10	ERBB2IP	chr5	+	65370851	65371058	65372143	65372236	65349233	65350779	65372702	65372777	1984	105,243	76,97	152,345	38,88	199	192	0.000860667053013	0.0303640418788	0.571,0.707	0.794,0.791	-0.153
4009	ENSG00000204305.9	AGER	chr6	-	32149127	32149254	32149300	32149409	32148898	32149016	32150023	32150165	4009	6,3	53,18	16,2	13,4	199	199	0.000339368863029	0.0169175924901	0.102,0.143	0.552,0.333	-0.32
2840	ENSG00000204227.4	RING1	chr6	+	33177402	33177563	33177691	33177907	33176541	33176677	33178934	33179324	2840	309,321	18,58	353,354	10,6	199	199	2.38165901445e-08	9.01349679741e-06	0.945,0.847	0.972,0.983	-0.082
1766	ENSG00000122566.16	HNRNPA2B1	chr7	-	26236020	26236101	26236176	26236278	26235466	26235529	26236426	26236637	1766	9031,6772	3465,1933	7620,10835	1768,1631	199	180	2.75163510866e-08	9.54588079779e-06	0.702,0.76	0.796,0.857	-0.096
3378	ENSG00000078674.13	PCM1	chr8	+	17838099	17838264	17840741	17840798	17830091	17830196	17842955	17843128	3378	271,217	36,26	223,217	2,12	199	156	5.56201831048e-06	0.000747081813682	0.855,0.867	0.989,0.934	-0.101
5290	ENSG00000164808.12	SPIDR	chr8	+	48206455	48206619	48320422	48320523	48203621	48203726	48352884	48353104	5290	120,161	19,16	122,237	13,3	199	199	0.00264164316284	0.0687322530431	0.863,0.91	0.904,0.988	-0.059
2729	ENSG00000169398.15	PTK2	chr8	-	141745349	141745554	141749116	141749206	141727696	141727808	141753328	141753429	2729	185,149	130,78	154,134	66,23	189	199	0.00177119424422	0.0526677259906	0.6,0.668	0.711,0.86	-0.151
4121	ENSG00000130985.12	UBA1	chrX	+	47057508	47057754	47057925	47058027	47053235	47053423	47058201	47058318	4121	15,4	8,9	1,2	0,0	199	199	0.00367972707556	0.0837087640194	0.652,0.308	1.0,1.0	-0.52
2067	ENSG00000125351.6	UPF3B	chrX	-	118975697	118975741	118977153	118977264	118975038	118975221	118979160	118979217	2067	52,49	328,161	87,89	140,189	199	143	4.00746221874e-07	0.000103729479909	0.102,0.179	0.309,0.253	-0.141
2277	ENSG00000171100.10	MTM1	chrX	+	149767055	149767150	149783061	149783172	149764961	149765034	149787510	149787612	2277	3,12	75,43	21,23	55,51	194	199	0.00375813451261	0.084113516	0.039,0.223	0.281,0.316	-0.167
1146	ENSG00000067048.12	DDX3Y	chrY	+	15021270	15021318	15023750	15023880	15019447	15019505	15024638	15024794	1146	130,129	520,589	133,143	363,389	147	199	0.00137376744854	0.0443332859556	0.253,0.229	0.332,0.332	-0.091
